%YAML:1.0
---

Camera1.fx: 806.5559093465494
Camera1.fy: 809.2516716072483
Camera1.cx: 643.4300083192181
Camera1.cy: 341.3844789501398
Camera1.k1: 0.023692616853984053
Camera1.k2: -0.059637256595640196
Camera1.p1: 0.00019025149055530276
Camera1.p2: -0.0018490305184678476

Camera2.fx: 804.450913703936
Camera2.fy: 807.2476223605772
Camera2.cx: 642.3875886720667
Camera2.cy: 340.8701418831898
Camera2.k1: 0.028045990059991463
Camera2.k2: -0.07144108910386106
Camera2.p1: -0.0012567760654453215
Camera2.p2: 0.0007493384065506882

Camera.width: 1280
Camera.height: 720


T_c1_c2: !!opencv-matrix
  rows: 4
  cols: 4
  dt: f
  data:
    [ 0.9999866077204016, 0.00043370631278188303, 0.00515715800375079, -0.07538438104939599,
      -0.0004251276319701998, 0.9999985244666757, -0.001664431123776934, 0.00016197469966229623,
      -0.0051578722684778745, 0.0016622163828801232, 0.9999853165873769, 0.0002901179643252081,
      0.0, 0.0, 0.0, 1.0 ]